# Clip sprung, erzeugt von werkzeuge/video_umsetzer.gd (nicht von Hand ändern). Bilder 1-basiert wie f_0001.png.
version=1
name=sprung
quelle=30133319-7.mp4
ffmpeg=ffmpeg version 6.1.1-3ubuntu5
fps=24
quell_bilder=145
einblendung_weg=0,0
verworfen_anfang=0
verworfen_ende=0
ab=1
bis=137
bilder=125
groesse=92,155
anker=47,152
hoehe=142
massstab=0.16955
farben=63
schluessel=ecke,0,0,0
unscharf=
zyklus_bilder=125
zyklus_start=1
zyklus_fehler=9796
zyklus_guete=0
zyklus_schluss_in_schritten=87
# zyklus_kandidaten = Länge:Wert:Tiefe in Prozent:Schließfehler in Prozent eines Bildschritts
zyklus_kandidaten=
zyklus_werte=3:400699,4:474126,5:531533,6:580091,7:622070,8:660195,9:695494,10:729259,11:761408,12:792468,13:822032,14:849948,15:875549,16:898355,17:918733,18:938069,19:957055,20:974981,21:990382,22:1003557,23:1012616,24:1018713,25:1024267,26:1028821,27:1033024,28:1035941,29:1036168,30:1035027,31:1030227,32:1019752,33:1007836,34:999430,35:1000877,36:1006826,37:1013043,38:1022142,39:1035363,40:1048974,41:1061265,42:1072619,43:1076275,44:1083223,45:1091365,46:1098339,47:1103653,48:1108464,49:1112554,50:1116094,51:1120679,52:1126276,53:1131574,54:1136526,55:1139387,56:1139124,57:1136343,58:1132204,59:1127720,60:1125125,61:1124063,62:1124664
schritt_px=59
zyklus_ticks=34
ereignis_metrik=sprung
ausholen=37
kontakt=39
rueckzug=74
ruhe=120
rueckkehr=vorwaerts
gekuerzt=6
anker_modus=fest,unten,1
fussmitte_video=480.6
beschnitten=42,43,44,45,46,47,48,49,50,51,52,53,54,55,56,57,58,59,60,61,62,63,64,65,66,67,68,69,70,71,72,73,74
tol=6,2,4
ausser=49,50,51,52,53,54
ereignis_absprung=41
ereignis_aufsetzen=75
ereignis_hocke=21
ereignis_ruhe=119
ereignis_scheitel=55
ereignis_tief=85
setze=absprung=41
bewegung_ab=3
ruhe_schwelle=16763
vorn=37,37,37,37,37,37,37,37,37,37,37,37,38,38,38,37,37,37,37,37,37,37,37,37,37,37,37,37,37,37,37,37,37,37,37,38,37,39,41,42,42,40,41,40,40,40,40,40,40,40,40,40,40,40,40,40,40,40,40,40,40,40,40,40,40,40,40,40,41,41,41,41,41,41,40,40,39,38,37,37,37,37,37,37,37,37,37,37,37,37,37,37,37,37,37,37,37,37,37,37,37,37,37,37,37,37,37,37,37,37,37,38,38,37,38,37,37,37,37,37,37,37,38,38,38
hoch=11,11,11,12,13,14,15,16,19,21,23,25,29,31,33,36,41,44,46,49,51,51,51,51,51,51,51,51,51,51,51,51,51,50,49,47,40,36,30,23,10,2,55,59,62,62,60,59,58,58,57,57,57,57,57,57,57,57,57,57,57,57,57,57,57,57,54,51,47,43,29,22,14,8,9,15,21,25,34,37,41,44,49,54,56,56,56,56,56,56,56,56,56,56,56,56,56,56,56,55,54,54,52,51,49,47,44,42,39,37,32,30,28,25,22,19,17,16,13,12,12,11,11,11,11
luft=0,0,0,0,0,0,0,0,0,0,0,0,0,0,0,0,0,0,0,0,0,0,0,0,0,0,0,0,0,0,0,0,0,0,0,0,0,0,0,0,0,0,53,57,60,60,58,57,56,56,55,55,55,55,55,55,55,55,55,55,55,55,55,55,55,55,52,49,45,41,27,20,12,6,-1,-1,-1,-1,0,0,0,0,0,0,1,1,1,1,1,1,1,1,1,1,1,1,1,1,1,1,1,1,1,1,1,1,1,1,1,1,1,1,1,1,1,0,0,0,0,0,0,0,0,0,0
schwerp=0,0,0,0,0,0,0,0,0,0,0,0,0,1,1,1,1,1,1,1,2,2,2,2,2,2,2,2,2,2,2,2,2,2,2,2,3,4,5,5,5,4,4,4,4,5,4,4,4,4,3,3,3,3,2,2,2,2,2,2,2,2,2,2,2,2,2,2,3,3,2,2,3,3,4,4,4,4,4,3,3,3,3,3,3,3,3,3,4,4,4,4,4,4,4,4,3,3,3,4,4,4,4,4,4,4,4,4,4,4,3,3,3,2,2,2,1,1,1,0,0,0,0,0,0
breite_sil=77,77,77,78,78,78,78,78,80,82,82,83,84,84,83,81,79,79,79,79,78,78,78,78,78,78,78,78,78,78,78,78,78,78,78,79,78,80,82,82,82,79,77,76,75,75,75,75,75,75,75,75,75,76,77,76,76,76,76,76,76,76,76,76,76,76,76,76,76,77,77,77,78,79,79,79,79,78,77,77,77,77,77,77,77,77,77,77,77,77,77,77,77,77,77,77,77,77,77,77,77,77,77,77,77,77,77,77,77,77,76,77,77,76,77,76,76,76,76,76,77,77,78,78,78
hoehe_sil=142,142,142,141,140,139,138,137,134,132,130,128,124,122,120,117,112,109,107,104,102,102,102,102,102,102,102,102,102,102,102,102,102,103,104,106,113,117,123,130,143,151,98,94,91,91,93,94,95,95,96,96,96,96,96,96,96,96,96,96,96,96,96,96,96,96,99,102,106,110,124,131,139,145,144,138,132,128,119,116,112,109,104,99,97,97,97,97,97,97,97,97,97,97,97,97,97,97,97,98,99,99,101,102,104,106,109,111,114,116,121,123,125,128,131,134,136,137,140,141,141,142,142,142,142
