# Clip kette1, erzeugt von werkzeuge/video_umsetzer.gd (nicht von Hand ändern). Bilder 1-basiert wie f_0001.png.
version=1
name=kette1
quelle=cc517d6d-2.mp4
ffmpeg=ffmpeg version 6.1.1-3ubuntu5
fps=24
quell_bilder=145
einblendung_weg=0,0
verworfen_anfang=0
verworfen_ende=0
ab=1
bis=96
bilder=93
groesse=138,146
anker=62,143
hoehe=142
massstab=0.16910
farben=63
schluessel=ecke,0,0,0
unscharf=
zyklus_bilder=93
zyklus_start=1
zyklus_fehler=1374
zyklus_guete=0
zyklus_schluss_in_schritten=33
# zyklus_kandidaten = Länge:Wert:Tiefe in Prozent:Schließfehler in Prozent eines Bildschritts
zyklus_kandidaten=
zyklus_werte=3:160847,4:199630,5:234938,6:266954,7:295384,8:320736,9:343166,10:363382,11:381901,12:398816,13:413789,14:427595,15:440153,16:451976,17:463632,18:475195,19:486216,20:497675,21:509250,22:520354,23:531774,24:542386,25:552400,26:561101,27:569767,28:578646,29:587858,30:597304,31:606942,32:616636,33:626611,34:636679,35:647134,36:657946,37:669142,38:680613,39:692287,40:704129,41:715780,42:727198,43:738425,44:749040,45:759305,46:769137
schritt_px=12
zyklus_ticks=12
ereignis_metrik=vorn
ausholen=24
kontakt=27
rueckzug=71
ruhe=87
rueckkehr=vorwaerts
gekuerzt=3
anker_modus=fest,fest,1
fussmitte_video=486.5
beschnitten=
tol=6,2,4
bewegung_ab=3
ruhe_schwelle=8715
vorn=36,36,36,36,36,36,36,36,36,36,36,36,36,37,37,37,37,38,38,39,40,40,40,39,46,67,73,72,71,70,70,69,68,68,68,68,68,68,68,68,68,68,68,68,68,68,68,68,68,68,68,68,68,68,68,68,68,68,68,68,68,68,68,68,68,68,68,68,68,68,67,62,57,47,39,29,30,31,31,33,33,33,34,34,35,35,36,36,36,36,36,36,36
hoch=2,2,2,2,3,3,3,4,4,5,5,5,6,6,6,7,7,7,7,6,5,4,3,2,2,2,3,3,4,4,4,5,5,5,5,5,5,5,5,5,5,5,5,5,5,5,5,5,5,5,5,5,5,5,5,5,5,5,5,5,5,5,5,5,5,5,5,5,5,5,4,4,4,4,4,3,3,3,2,2,2,2,2,2,2,2,2,2,2,2,2,2,2
luft=0,0,0,0,0,0,0,0,0,0,0,0,0,0,0,0,0,0,0,0,0,0,0,1,1,1,1,1,1,1,1,1,1,1,1,1,1,1,1,1,1,1,1,1,1,1,1,1,1,1,1,1,1,1,1,1,1,1,1,1,1,1,1,1,1,1,1,1,1,1,1,1,1,1,1,0,1,0,0,0,0,0,0,0,0,0,0,0,0,0,0,0,0
schwerp=0,0,-1,-1,-2,-3,-3,-4,-4,-5,-6,-6,-6,-7,-7,-7,-6,-5,-4,-2,-1,0,1,1,3,5,5,4,3,2,1,0,0,0,-1,-1,-1,-1,-1,-1,-1,-1,-1,-1,-1,-1,-1,-1,-1,-1,-1,-1,-1,-1,-1,-1,-1,-1,-1,-1,-1,-1,-1,-1,-1,-1,-1,-1,-1,-1,-1,-2,-2,-3,-4,-5,-4,-4,-3,-3,-2,-2,-1,0,0,0,0,0,0,0,0,0,0
breite_sil=77,77,77,77,77,77,77,77,78,79,79,81,81,83,84,85,85,86,86,85,84,85,87,88,96,119,126,127,127,128,129,129,128,129,129,129,129,129,129,129,129,129,129,129,129,129,129,129,129,129,129,129,129,129,129,129,129,129,129,129,129,129,129,129,129,129,129,129,129,129,128,122,117,106,97,85,85,84,82,82,81,79,79,78,78,77,78,78,78,77,77,77,77
hoehe_sil=142,142,142,142,141,141,141,140,140,139,139,139,138,138,138,137,137,137,137,138,139,140,141,141,141,141,140,140,139,139,139,138,138,138,138,138,138,138,138,138,138,138,138,138,138,138,138,138,138,138,138,138,138,138,138,138,138,138,138,138,138,138,138,138,138,138,138,138,138,138,139,139,139,139,139,141,140,141,142,142,142,142,142,142,142,142,142,142,142,142,142,142,142
