# Clip umgeworfen, erzeugt von werkzeuge/video_umsetzer.gd (nicht von Hand ändern). Bilder 1-basiert wie f_0001.png.
version=1
name=umgeworfen
quelle=e585201a-10.mp4
ffmpeg=ffmpeg version 6.1.1-3ubuntu5
fps=24
quell_bilder=289
einblendung_weg=0,0
verworfen_anfang=0
verworfen_ende=17
ab=1
bis=120
bilder=100
groesse=162,151
anker=83,148
hoehe=142
massstab=0.16935
farben=63
schluessel=ecke,0,0,0
unscharf=98,99,100,101,102
zyklus_bilder=100
zyklus_start=1
zyklus_fehler=75100
zyklus_guete=0
zyklus_schluss_in_schritten=918
# zyklus_kandidaten = Länge:Wert:Tiefe in Prozent:Schließfehler in Prozent eines Bildschritts
zyklus_kandidaten=
zyklus_werte=3:318517,4:393912,5:456286,6:510821,7:559521,8:601749,9:640681,10:676384,11:709675,12:740338,13:767388,14:790900,15:811709,16:830053,17:847205,18:863711,19:879476,20:894778,21:909806,22:923629,23:937281,24:951014,25:964309,26:978831,27:993574,28:1007601,29:1021836,30:1035465,31:1048674,32:1061069,33:1073429,34:1085417,35:1098357,36:1111412,37:1124312,38:1136607,39:1148185,40:1159057,41:1170206,42:1181296,43:1192550,44:1204549,45:1216112,46:1226820,47:1236650,48:1245217,49:1253406,50:1260098
schritt_px=132
zyklus_ticks=60
ereignis_metrik=flug
ausholen=15
kontakt=50
rueckzug=50
ruhe=1
rueckkehr=rueckwaerts
gekuerzt=3
anker_modus=fest,unten,1
fussmitte_video=483.3
beschnitten=29,30,31,32,33,34,35,36,37,38,39,40
tol=6,2,4
ereignis_abheben=26
ereignis_aufprall=90
ereignis_liegt=100
ereignis_scheitel=69
ereignis_start=3
bewegung_ab=3
ruhe_schwelle=13758
vorn=36,36,36,36,36,36,36,36,36,36,37,38,38,39,40,41,41,41,41,41,41,41,41,41,41,43,44,46,47,48,49,49,49,49,49,48,48,49,51,54,56,58,60,63,64,66,67,69,70,72,72,73,74,75,75,75,76,76,76,76,76,76,76,75,75,74,74,73,72,71,71,70,69,68,68,66,66,65,65,64,63,61,61,59,58,60,62,64,66,70,73,74,74,76,72,71,71,72,70,71
hoch=8,8,8,9,9,9,10,11,11,13,14,16,17,18,18,20,22,21,20,16,13,8,5,2,2,5,7,11,12,16,18,21,22,25,26,27,28,29,30,32,33,34,36,37,39,41,43,46,48,51,52,54,54,55,56,56,57,57,58,59,60,61,62,63,64,65,65,65,67,68,69,68,67,67,67,66,67,67,66,65,66,65,65,65,64,70,73,78,82,78,84,85,86,93,97,99,98,96,94,91
luft=0,0,0,0,0,0,0,0,0,0,0,0,0,0,0,0,0,0,0,0,0,0,0,0,2,5,8,12,14,18,20,23,24,27,28,29,30,31,32,33,34,35,36,37,39,40,41,43,45,47,48,49,49,50,51,51,52,52,53,53,54,54,55,56,56,57,57,57,58,58,58,56,54,52,50,47,45,42,39,35,33,28,24,19,14,14,13,12,11,0,0,-1,-1,4,6,8,8,7,6,3
schwerp=0,-1,-1,-1,-1,-1,-1,-1,-2,-2,-1,-1,0,1,2,4,5,7,8,9,10,10,9,8,7,6,6,5,4,4,3,3,3,3,3,3,3,3,2,2,2,1,1,1,1,0,0,-1,-1,-1,-1,-2,-2,-2,-2,-3,-3,-3,-3,-4,-3,-4,-4,-4,-4,-5,-5,-6,-6,-6,-6,-6,-7,-7,-7,-8,-8,-9,-9,-10,-10,-11,-12,-12,-13,-11,-10,-7,-6,-6,-6,-5,-4,-2,-2,-4,-4,-4,-4,-4
breite_sil=76,76,76,76,76,76,76,76,76,76,77,78,78,79,80,81,81,81,81,82,82,81,79,76,74,78,82,89,93,98,102,105,107,108,109,111,111,109,112,118,121,125,129,133,135,139,140,143,145,148,148,150,151,153,152,153,154,154,154,155,155,155,155,154,154,153,153,152,151,150,150,149,148,147,147,145,144,143,143,142,141,138,138,135,133,135,139,143,145,149,152,154,155,158,153,153,153,154,151,153
hoehe_sil=141,141,141,140,140,140,139,138,138,136,135,133,132,131,131,129,127,128,129,133,136,141,144,147,147,144,142,138,137,133,131,128,127,124,123,122,121,120,119,117,116,115,113,112,110,108,106,103,101,98,97,95,95,94,93,93,92,92,91,90,89,88,87,86,85,84,84,84,82,81,80,81,82,82,82,83,82,82,83,84,83,84,84,84,85,79,76,71,67,71,65,64,63,56,52,50,51,53,55,58
