# Clip aufstehen, erzeugt von werkzeuge/video_umsetzer.gd (nicht von Hand ändern). Bilder 1-basiert wie f_0001.png.
version=1
name=aufstehen
quelle=v10.mp4
ffmpeg=ffmpeg version 6.1.1-3ubuntu5
fps=24
quell_bilder=289
einblendung_weg=0,0
verworfen_anfang=171
verworfen_ende=0
ab=172
bis=252
bilder=81
weich=1
format=webp
groesse=396,349
anker=210,341
fuss_fein=210.689,342.252
skala=0.394446
spielhoehe=142
arbeit_prozent=150
kante=4
hoehe=360
massstab=0.16996
farben=0
schluessel=gruen,31,215,38
unscharf=
zyklus_bilder=81
zyklus_start=1
zyklus_fehler=75698
zyklus_guete=0
zyklus_schluss_in_schritten=1457
# zyklus_kandidaten = Länge:Wert:Tiefe in Prozent:Schließfehler in Prozent eines Bildschritts
zyklus_kandidaten=
zyklus_werte=3:203889,4:252050,5:295123,6:333034,7:369091,8:403494,9:436426,10:467663,11:497185,12:524428,13:549214,14:571789,15:592297,16:610094,17:625327,18:639384,19:653306,20:667460,21:682083,22:696860,23:711790,24:726246,25:740480,26:754041,27:766853,28:779099,29:790915,30:802441,31:814117,32:825429,33:836584,34:847194,35:857656,36:867774,37:878281,38:887659,39:896961,40:906155
schritt_px=48
zyklus_ticks=27
ereignis_metrik=aufstehen
ausholen=1
kontakt=1
rueckzug=1
ruhe=2
rueckkehr=vorwaerts
gekuerzt=0
anker_modus=uebergang,unten,1
fussmitte_video=746.4
beschnitten=
tol=40,24,14
ereignis_ruhe=73
ereignis_start=5
bewegung_ab=5
ruhe_schwelle=12616
vorn=71,71,71,71,70,70,70,70,70,70,69,69,68,68,67,66,64,62,60,57,54,50,49,48,48,48,48,48,48,48,48,48,48,48,48,48,48,48,48,48,48,48,48,48,48,49,49,49,49,49,49,49,48,48,48,48,47,47,46,46,45,45,44,44,43,43,42,41,41,40,40,40,40,40,40,40,40,39,39,39,39
hoch=81,81,81,80,80,79,78,77,77,75,74,73,71,70,68,66,65,64,65,65,66,66,66,65,64,65,65,64,64,64,63,62,61,60,59,57,56,53,54,54,55,56,57,57,57,57,56,55,53,52,50,49,49,48,46,45,44,43,41,41,38,37,32,27,24,19,15,11,8,6,5,4,3,3,3,3,2,2,2,2,2
luft=0,0,0,0,0,0,0,0,0,0,0,0,0,1,1,1,2,3,5,6,8,9,10,9,9,10,10,10,10,10,10,10,10,10,10,10,10,9,10,11,12,13,15,15,15,15,14,13,11,11,10,10,10,10,9,9,8,7,6,7,7,8,6,4,3,1,-1,-2,-4,-4,-5,-6,-7,-7,-7,-7,-8,-8,-8,-8,-8
schwerp=0,0,0,0,0,1,1,2,2,3,4,4,3,2,2,0,-1,-2,-3,-4,-4,-5,-6,-7,-6,-6,-5,-4,-4,-3,-3,-2,-2,-2,-2,-2,-1,-1,-1,-1,0,0,0,0,0,0,0,1,1,2,2,3,4,5,6,7,7,7,8,9,10,10,10,10,10,10,9,9,9,8,8,8,7,7,7,7,7,7,7,6,6
breite_sil=153,153,153,152,151,151,151,151,150,149,148,146,144,142,140,137,133,128,123,118,114,109,106,103,101,100,99,99,97,95,93,90,88,86,86,86,86,86,86,87,87,87,87,86,86,86,86,86,86,86,86,86,85,85,84,82,79,75,73,74,74,75,75,77,79,80,80,80,80,80,81,82,82,82,81,81,81,80,80,80,80
hoehe_sil=54,54,54,55,55,56,57,58,58,60,61,62,64,65,67,69,70,71,70,70,69,69,69,70,71,70,70,71,71,71,72,73,74,75,76,78,79,82,81,81,80,79,78,78,78,78,79,80,82,83,85,86,86,87,89,90,91,92,94,94,97,98,103,108,111,116,120,124,127,129,130,131,132,132,132,132,133,133,133,133,133
