# Clip wurf, erzeugt von werkzeuge/video_umsetzer.gd (nicht von Hand ändern). Bilder 1-basiert wie f_0001.png.
version=1
name=wurf
quelle=v14.mp4
ffmpeg=ffmpeg version 6.1.1-3ubuntu5
fps=24
quell_bilder=145
einblendung_weg=0,0
verworfen_anfang=17
verworfen_ende=0
ab=18
bis=132
bilder=89
weich=1
format=webp
groesse=345,398
anker=153,383
fuss_fein=153.380,384.353
skala=0.394444
spielhoehe=142
arbeit_prozent=150
kante=4
hoehe=360
massstab=0.16996
farben=0
schluessel=gruen,31,215,38
unscharf=
zyklus_bilder=89
zyklus_start=1
zyklus_fehler=22163
zyklus_guete=0
zyklus_schluss_in_schritten=299
# zyklus_kandidaten = Länge:Wert:Tiefe in Prozent:Schließfehler in Prozent eines Bildschritts
zyklus_kandidaten=
zyklus_werte=3:282351,4:345070,5:399906,6:449215,7:492848,8:533005,9:568953,10:601829,11:632702,12:661848,13:689663,14:715698,15:739675,16:761948,17:782202,18:800437,19:816965,20:832783,21:847172,22:859926,23:871639,24:882291,25:892321,26:901424,27:910141,28:918334,29:925052,30:930781,31:934996,32:938124,33:940222,34:941483,35:940910,36:939604,37:937266,38:933900,39:930047,40:926201,41:923285,42:921950,43:920225,44:919445
schritt_px=20
zyklus_ticks=12
ereignis_metrik=vorn
ausholen=42
kontakt=55
rueckzug=62
ruhe=87
rueckkehr=vorwaerts
gekuerzt=0
anker_modus=fest,fest,1
fussmitte_video=666.7
beschnitten=45,46,47,48
tol=40,24,14
ausser=60,61,62,63,64,65,66,86,87,88,89,90,91,92,93,94,95,96,97,98,99,100,101,102,103,104
ereignis_heben=42
setze=kontakt=55,heben=42,rueckzug=62,ruhe=87
bewegung_ab=3
ruhe_schwelle=12968
vorn=36,36,36,36,36,36,36,36,36,36,36,36,36,36,36,36,36,36,36,36,36,36,36,36,36,36,36,36,36,36,36,36,36,36,37,37,37,37,37,37,38,38,43,44,46,48,49,52,54,60,67,72,73,72,67,63,61,60,60,61,61,61,60,59,58,57,54,54,52,51,50,50,49,48,47,47,45,44,43,42,39,39,38,37,36,36,36,36,36
hoch=14,15,16,17,19,19,21,22,23,23,24,25,25,26,26,26,27,27,27,27,27,27,27,27,26,25,24,23,22,21,19,19,17,13,8,6,3,2,3,3,4,5,3,2,2,2,2,2,6,5,4,4,6,7,9,12,16,21,25,31,34,32,31,31,30,29,28,27,25,25,23,22,20,19,17,16,14,14,12,12,11,10,10,10,10,10,10,10,10
luft=0,0,0,0,0,0,0,0,0,0,0,0,0,0,0,0,0,0,0,0,0,0,0,0,0,0,0,0,0,-1,-1,-1,-1,-2,-2,-2,-3,-3,-3,-3,-4,-4,-4,-4,-3,-3,-3,-2,-2,-1,-1,0,1,1,2,2,3,3,3,3,3,3,3,3,3,3,3,3,3,3,3,3,3,3,2,2,2,2,2,2,1,1,1,1,1,1,0,0,0
schwerp=0,0,-1,-1,-2,-2,-3,-3,-3,-3,-3,-3,-4,-4,-4,-4,-4,-4,-3,-3,-3,-3,-2,-2,-1,-1,0,1,2,2,3,4,4,5,6,6,7,7,8,8,9,9,12,13,14,15,17,18,19,20,20,18,17,18,17,16,15,14,15,15,15,15,15,15,14,14,13,13,12,12,12,13,13,13,14,13,13,13,11,11,9,8,7,6,5,5,4,4,4
breite_sil=78,78,78,78,78,79,81,82,84,85,87,87,89,89,90,90,91,91,90,90,90,89,88,88,85,85,82,81,78,78,78,78,79,79,81,81,81,81,82,82,83,83,88,89,92,94,96,100,103,111,120,127,129,129,125,121,120,119,119,120,120,120,119,118,117,116,113,113,110,109,107,106,103,101,96,94,89,87,86,85,81,81,80,79,78,78,78,78,78
hoehe_sil=138,137,136,135,133,133,131,130,129,129,128,127,127,126,126,126,125,125,125,125,125,125,125,125,126,127,128,129,130,132,134,134,136,141,146,148,152,153,152,152,152,151,153,154,153,153,153,152,148,148,149,148,145,144,141,138,133,128,124,118,115,117,118,118,119,120,121,122,124,124,126,127,129,130,133,134,136,136,138,138,140,141,141,141,141,141,142,142,142
