# Clip kette4, erzeugt von werkzeuge/video_umsetzer.gd (nicht von Hand ändern). Bilder 1-basiert wie f_0001.png.
version=1
name=kette4
quelle=53c2bea2-5.mp4
ffmpeg=ffmpeg version 6.1.1-3ubuntu5
fps=24
quell_bilder=145
einblendung_weg=0,0
verworfen_anfang=0
verworfen_ende=0
ab=1
bis=125
bilder=114
groesse=158,158
anker=78,152
hoehe=142
massstab=0.16936
farben=63
schluessel=ecke,0,0,0
unscharf=
zyklus_bilder=114
zyklus_start=1
zyklus_fehler=2067
zyklus_guete=0
zyklus_schluss_in_schritten=34
# zyklus_kandidaten = Länge:Wert:Tiefe in Prozent:Schließfehler in Prozent eines Bildschritts
zyklus_kandidaten=
zyklus_werte=3:216864,4:260212,5:297543,6:331370,7:363607,8:393577,9:421866,10:448901,11:475457,12:500616,13:524608,14:546872,15:567817,16:586648,17:603525,18:618696,19:634552,20:651088,21:667465,22:682805,23:697546,24:711396,25:725315,26:739187,27:752543,28:765754,29:779097,30:792317,31:805743,32:818136,33:829921,34:840996,35:852511,36:864063,37:875197,38:885525,39:894321,40:901916,41:908403,42:912580,43:915698,44:918553,45:920393,46:921007,47:921229,48:921083,49:920738,50:919797,51:918052,52:916021,53:914392,54:912639,55:910475,56:907471,57:903648
schritt_px=63
zyklus_ticks=36
ereignis_metrik=vorn
ausholen=37
kontakt=41
rueckzug=76
ruhe=105
rueckkehr=vorwaerts
gekuerzt=9
anker_modus=fest,fest,1
fussmitte_video=485.2
beschnitten=32,41,42,43,44,45,46,47,48,49,50,51,52,53,54,55,56,57,58,59,60,61,62,63,64,65,66,67,68,69,70,71,72,73
tol=6,2,4
ausser=52,53
ereignis_kontakt1=18
setze=kontakt1=18
bewegung_ab=4
ruhe_schwelle=9626
vorn=36,36,36,36,36,36,36,36,36,35,35,35,35,40,47,55,60,64,64,59,53,44,56,58,50,45,40,35,40,46,50,52,49,42,35,26,28,34,42,62,77,77,77,77,77,77,77,77,77,77,77,77,77,77,77,77,77,77,77,77,77,77,77,77,77,77,77,77,77,77,77,77,77,76,73,66,61,53,49,43,39,36,35,33,34,34,34,35,35,35,35,35,35,35,35,35,35,35,35,35,35,35,35,35,35,35,35,35,35,36,36,36,36,36
hoch=11,11,11,11,12,12,12,12,12,13,13,13,13,14,14,14,14,15,15,14,14,13,11,10,9,8,7,6,5,5,4,2,2,5,6,6,6,6,6,6,7,7,2,2,2,2,2,2,3,6,8,10,10,10,10,10,10,10,10,10,10,10,10,10,10,10,10,10,10,10,10,10,10,10,10,10,9,9,8,8,8,7,7,7,7,8,8,8,9,10,10,10,10,10,10,10,10,10,10,10,10,11,11,11,11,11,11,11,11,11,11,11,11,11
luft=0,0,0,0,0,0,0,0,0,0,0,0,0,0,0,0,0,0,0,0,0,0,0,0,-1,0,0,-1,-2,-2,-1,0,0,-1,-1,-2,-3,-3,-3,-3,-3,-3,-3,-3,-3,-3,-3,-3,-3,-3,-3,-3,-3,-3,-3,-3,-3,-3,-3,-3,-3,-3,-3,-3,-3,-3,-3,-3,-3,-3,-3,-3,-3,-3,-3,-3,-3,-3,-3,-3,-3,-3,-3,-3,-3,-3,-3,-3,-3,-3,-3,-3,-3,-2,-1,0,0,0,0,0,0,0,0,0,0,0,0,0,0,0,0,0,0,0
schwerp=0,0,0,-1,-1,-1,-1,-1,-1,-1,-1,-1,0,1,2,3,5,7,8,10,11,13,15,16,15,14,13,12,10,8,7,5,4,3,3,2,1,0,0,0,-1,-3,-6,-6,-6,-6,-6,-6,-6,-6,-6,-6,-6,-6,-6,-6,-6,-6,-6,-6,-6,-6,-6,-6,-6,-6,-6,-6,-6,-6,-6,-6,-6,-6,-7,-8,-9,-10,-10,-10,-10,-11,-10,-10,-9,-8,-7,-6,-5,-4,-3,-1,-1,0,1,1,2,2,2,2,2,2,2,2,2,2,1,1,1,1,1,1,0,0
breite_sil=77,77,77,77,77,77,77,77,77,77,78,78,78,83,90,103,111,113,107,99,89,79,90,88,77,63,59,60,67,72,76,84,81,70,64,57,58,65,75,103,126,137,148,151,152,153,152,153,153,153,153,154,154,153,153,152,151,151,150,150,150,150,150,150,150,150,150,150,150,150,150,150,150,149,145,138,132,123,118,111,106,102,100,97,97,96,95,95,94,92,90,87,85,82,80,77,76,74,73,74,75,76,76,76,76,76,76,76,76,77,77,77,77,77
hoehe_sil=142,142,142,142,141,141,141,141,141,140,140,140,140,139,139,139,139,138,138,139,139,140,142,143,145,145,146,148,150,150,150,151,151,149,148,149,150,150,150,150,149,149,154,154,154,154,154,154,153,150,148,146,146,146,146,146,146,146,146,146,146,146,146,146,146,146,146,146,146,146,146,146,146,146,146,146,147,147,148,148,148,149,149,149,149,148,148,148,147,146,146,146,146,145,144,143,143,143,143,143,143,142,142,142,142,142,142,142,142,142,142,142,142,142
