# Clip kette3, erzeugt von werkzeuge/video_umsetzer.gd (nicht von Hand ändern). Bilder 1-basiert wie f_0001.png.
version=1
name=kette3
quelle=88f849f6-4.mp4
ffmpeg=ffmpeg version 6.1.1-3ubuntu5
fps=24
quell_bilder=145
einblendung_weg=0,0
verworfen_anfang=0
verworfen_ende=0
ab=1
bis=112
bilder=103
groesse=137,155
anker=72,152
hoehe=142
massstab=0.16903
farben=63
schluessel=ecke,0,0,0
unscharf=
zyklus_bilder=103
zyklus_start=1
zyklus_fehler=2141
zyklus_guete=0
zyklus_schluss_in_schritten=43
# zyklus_kandidaten = Länge:Wert:Tiefe in Prozent:Schließfehler in Prozent eines Bildschritts
zyklus_kandidaten=
zyklus_werte=3:188135,4:230982,5:267527,6:299553,7:327220,8:351591,9:372918,10:392223,11:409548,12:424887,13:438247,14:450590,15:462419,16:473877,17:484944,18:496055,19:508180,20:521198,21:534767,22:546907,23:557551,24:567949,25:577517,26:585766,27:594038,28:602341,29:610665,30:619152,31:627672,32:636390,33:645194,34:654143,35:663290,36:672596,37:682062,38:691695,39:701571,40:711699,41:722063,42:732626,43:743354,44:754343,45:765234,46:776170,47:787023,48:797445,49:807129,50:815457,51:822744
schritt_px=30
zyklus_ticks=17
ereignis_metrik=hoch
ausholen=19
kontakt=27
rueckzug=74
ruhe=94
rueckkehr=vorwaerts
gekuerzt=4
anker_modus=fest,fest,1
fussmitte_video=485.0
beschnitten=27
tol=6,2,4
ausser=31,32,33,34,35
setze=rueckzug=74
bewegung_ab=3
ruhe_schwelle=9028
vorn=37,37,37,37,37,37,37,37,37,37,37,37,38,38,39,39,38,38,38,38,38,41,52,51,47,50,62,61,61,61,61,61,61,61,61,61,61,61,61,61,61,61,61,61,61,61,61,61,61,61,61,61,61,61,61,61,61,61,61,61,61,61,61,61,61,61,61,61,61,61,61,60,60,60,59,57,56,51,46,42,47,49,48,46,43,39,36,36,37,37,37,37,37,37,37,37,37,37,37,37,37,37,37
hoch=11,11,11,11,12,12,13,13,14,15,16,16,17,17,18,18,18,17,17,16,15,15,12,12,11,11,2,4,6,10,13,16,15,15,15,15,16,16,16,16,16,16,16,16,16,16,16,16,16,16,16,16,16,16,16,16,16,16,16,16,16,16,16,16,16,16,16,16,16,15,15,16,16,17,18,19,21,21,20,19,18,16,16,15,14,13,13,12,12,11,11,11,11,11,11,11,11,11,11,11,11,11,11
luft=0,0,0,0,0,0,0,0,0,0,0,0,0,0,0,0,0,0,0,0,0,0,1,1,1,1,1,1,1,1,1,1,1,1,1,1,1,1,1,1,1,1,1,1,1,1,1,1,1,1,1,1,1,1,1,1,1,1,1,1,1,1,1,1,1,1,1,1,1,1,1,1,1,1,1,1,1,1,1,1,1,1,1,0,0,0,0,0,0,0,0,0,0,0,0,0,0,0,0,0,0,0,0
schwerp=0,-1,-1,-1,-2,-2,-3,-3,-4,-5,-6,-6,-7,-8,-8,-7,-7,-6,-4,-1,1,4,7,9,8,8,-2,-3,-3,-3,-3,-3,-3,-3,-3,-3,-3,-3,-3,-3,-3,-3,-3,-3,-3,-3,-3,-3,-3,-3,-3,-3,-3,-3,-3,-3,-3,-3,-3,-3,-3,-3,-3,-3,-3,-3,-3,-3,-3,-3,-3,-3,-3,-3,-3,-2,-2,-3,-3,-3,-3,-2,-3,-3,-3,-3,-3,-3,-2,-2,-2,-1,-1,-1,-1,0,0,0,0,0,0,0,0
breite_sil=78,78,78,78,78,78,78,78,78,78,78,78,88,94,99,100,98,96,88,79,79,83,95,96,97,103,133,132,132,132,132,132,132,132,132,132,132,132,132,132,132,132,132,132,132,132,132,132,132,132,132,132,132,132,132,132,132,132,132,132,132,132,132,132,132,132,132,132,132,132,132,131,131,130,128,125,123,116,110,103,106,104,101,96,90,84,79,77,78,78,78,79,80,81,81,80,80,79,79,78,78,78,78
hoehe_sil=142,142,142,142,141,141,140,140,139,138,137,137,136,136,135,135,135,136,136,137,138,138,140,140,141,141,150,148,146,142,139,136,137,137,137,137,136,136,136,136,136,136,136,136,136,136,136,136,136,136,136,136,136,136,136,136,136,136,136,136,136,136,136,136,136,136,136,136,136,137,137,136,136,135,134,133,131,131,132,133,134,136,136,138,139,140,140,141,141,142,142,142,142,142,142,142,142,142,142,142,142,142,142
