# Clip getroffen_vorn, erzeugt von werkzeuge/video_umsetzer.gd (nicht von Hand ändern). Bilder 1-basiert wie f_0001.png.
version=1
name=getroffen_vorn
quelle=f485acbe-8.mp4
ffmpeg=ffmpeg version 6.1.1-3ubuntu5
fps=24
quell_bilder=145
einblendung_weg=0,0
verworfen_anfang=0
verworfen_ende=0
ab=1
bis=137
bilder=128
groesse=125,147
anker=58,144
hoehe=142
massstab=0.16955
farben=63
schluessel=ecke,0,0,0
unscharf=
zyklus_bilder=128
zyklus_start=1
zyklus_fehler=4668
zyklus_guete=0
zyklus_schluss_in_schritten=143
# zyklus_kandidaten = Länge:Wert:Tiefe in Prozent:Schließfehler in Prozent eines Bildschritts
zyklus_kandidaten=
zyklus_werte=3:135229,4:169136,5:199462,6:227114,7:252088,8:274274,9:293682,10:310972,11:326961,12:341597,13:355318,14:368356,15:380852,16:393041,17:405435,18:417755,19:429737,20:441367,21:452675,22:463774,23:474634,24:485267,25:495676,26:505903,27:515955,28:525825,29:535603,30:545362,31:554940,32:564209,33:573156,34:581835,35:590233,36:598257,37:605901,38:613169,39:619938,40:626339,41:632297,42:638031,43:643420,44:648525,45:653216,46:657733,47:662106,48:666247,49:670070,50:673463,51:676755,52:679853,53:682722,54:685483,55:688070,56:690474,57:692666,58:694428,59:695843,60:697108,61:698293,62:699621,63:700666,64:701441
schritt_px=3
zyklus_ticks=24
ereignis_metrik=treffer
ausholen=7
kontakt=17
rueckzug=44
ruhe=126
rueckkehr=vorwaerts
gekuerzt=9
anker_modus=fest,fest,1
fussmitte_video=479.2
beschnitten=
tol=6,2,4
ereignis_kontakt=17
ereignis_rueckzug=44
ereignis_ruhe=124
ereignis_start=2
setze=kontakt=17
bewegung_ab=2
ruhe_schwelle=8338
vorn=37,37,37,38,38,38,38,43,49,55,58,60,61,63,64,64,64,64,64,63,63,63,63,63,63,63,63,63,63,63,63,63,63,63,63,63,63,63,62,62,61,60,59,58,56,54,53,53,52,51,50,50,50,48,48,47,47,46,45,45,44,41,40,39,38,38,38,38,38,38,38,38,38,38,38,38,38,38,38,38,38,38,38,38,38,38,38,38,38,38,38,38,38,38,38,38,38,38,38,38,38,38,38,38,38,38,38,38,38,38,38,38,38,38,38,38,38,38,38,38,38,38,37,37,37,37,37,37
hoch=3,4,5,6,8,7,7,8,9,7,4,3,3,3,2,2,3,4,6,6,6,7,7,8,9,10,10,10,10,10,10,10,10,10,10,10,10,10,9,9,9,8,7,6,6,5,5,4,4,4,4,4,4,6,6,8,9,9,9,9,9,10,10,10,11,11,11,12,12,13,13,14,14,15,15,15,15,16,16,16,16,16,17,17,17,17,17,17,17,17,17,17,17,17,17,17,17,17,17,17,17,16,16,16,15,15,14,14,13,13,12,11,11,10,9,8,8,7,6,6,6,5,4,4,4,3,3,3
luft=0,0,0,0,0,0,0,0,0,0,0,0,0,0,0,0,0,0,0,0,0,0,0,0,0,0,0,0,0,0,0,0,0,0,0,0,0,0,0,0,0,0,0,0,0,0,0,0,0,0,0,0,0,0,0,0,0,0,0,0,0,0,0,0,0,0,0,0,0,0,0,0,0,0,0,0,0,0,0,0,0,0,0,0,0,0,0,0,0,0,0,0,0,0,0,0,0,0,0,0,0,0,0,0,0,0,0,0,0,0,0,0,0,0,0,0,0,0,0,0,0,0,0,0,0,0,0,0
schwerp=0,0,1,1,1,2,2,2,3,4,4,4,5,6,6,6,6,7,7,7,8,8,8,8,7,7,7,6,6,5,5,5,5,5,5,5,5,5,5,4,4,4,3,3,3,2,2,2,1,1,1,1,1,1,1,1,1,1,1,0,0,0,0,0,0,0,0,0,-1,-1,-1,-1,-1,-1,-1,-1,-1,-1,-1,-2,-2,-2,-2,-2,-2,-2,-2,-2,-2,-2,-2,-2,-2,-2,-2,-2,-2,-2,-2,-2,-2,-1,-1,-1,-1,-1,0,0,0,0,0,0,0,0,0,0,0,0,0,0,0,0,0,0,0,0,0,0
breite_sil=77,77,77,78,78,78,78,84,91,104,109,113,115,120,121,121,121,120,120,119,119,119,119,119,119,119,119,119,119,119,119,119,119,119,119,119,119,119,118,119,118,117,116,115,112,110,109,109,108,106,104,104,104,101,100,99,98,97,95,95,93,89,87,85,84,82,82,81,80,80,80,80,80,80,80,80,80,80,80,80,80,80,80,80,80,80,80,80,80,80,80,80,80,80,80,80,80,80,80,80,80,80,80,80,80,80,80,80,80,80,80,80,80,79,79,79,79,79,78,78,78,78,77,77,77,77,78,77
hoehe_sil=142,141,140,139,137,138,138,137,136,138,141,142,142,142,143,143,142,141,139,139,139,138,138,137,136,135,135,135,135,135,135,135,135,135,135,135,135,135,136,136,136,137,138,139,139,140,140,141,141,141,141,141,141,139,139,137,136,136,136,136,136,135,135,135,134,134,134,133,133,132,132,131,131,130,130,130,130,129,129,129,129,129,128,128,128,128,128,128,128,128,128,128,128,128,128,128,128,128,128,128,128,129,129,129,130,130,131,131,132,132,133,134,134,135,136,137,137,138,139,139,139,140,141,141,141,142,142,142
